5678
1234
7890
4321
9876
5432
8765
2109
6543
3456
5432
2109
8901
1098
7654
4321
3210
5678
8765
2345
3456
9012
6789
4567
1234
7890
5432
8765
2109
6543
9876
3210
8901
5678
1098
8765
2345
4321
3456
9012
5432
7890
2109
4567
6789
6543
8901
9876
1234
3210
5678
2345
8765
1098
5432
4321
9012
7890
3456
2109
4567
6789
9876
6543
1234
5678
8901
3210
8765
2345
3456
7890
4321
2109
1098
9012
6789
4567
5432
8765
2345
3210
5678
1098
7890
5432
6543
8901
4567
9876
8765
2345
3210
1098
5678
4321
7890
6543
2109
3456
9012
8765
2345