589243
327894
123456
789012
456789
654321
987654
234567
876543
345678
543210
210987
890123
109876
765432
432109
321098
567890
876543
234567
345678
901234
678901
456789
123456
789012
543210
876543
210987
654321
987654
321098
890123
567890
109876
876543
234567
432109
345678
901234
543210
789012
210987
456789
678901
654321
890123
987654
123456
321098
567890
234567
876543
109876
543210
432109
901234
789012
345678
210987
456789
678901
987654
654321
123456
567890
890123
321098
876543
234567
345678
789012
432109
210987
109876
901234
678901
456789
543210
876543
234567
321098
567890
109876
789012
543210
654321
890123
456789
987654
876543
234567
321098
109876
567890
432109
789012
654321
210987
345678
901234
876543
234567